354 516
353 517
353 524
354 525
449 525
450 526
449 527
354 527
354 528
353 529
353 536
354 537
450 537
450 516
450 524
449 525
354 525
353 524
353 517
266 432
264 434
264 436
265 437
264 438
265 439
264 440
264 442
265 443
264 444
265 445
264 446
264 448
265 449
355 449
355 433
354 432
429 175
427 177
427 181
428 182
501 182
501 176
500 175
377 126
375 128
375 131
376 132
501 132
501 127
500 126
261 12
260 13
260 46
259 47
259 94
258 95
159 95
158 96
159 97
165 97
166 98
166 102
167 103
167 175
166 176
166 181
165 182
162 182
161 183
120 183
119 184
120 185
123 185
124 186
124 189
126 191
126 482
125 483
125 488
124 489
120 489
119 488
116 488
115 489
113 489
112 490
113 491
115 491
113 491
112 490
113 489
115 489
116 488
119 488
120 489
125 489
125 483
126 482
128 482
129 483
129 485
128 486
128 488
129 489
185 489
186 490
185 491
129 491
185 491
186 492
186 507
187 508
188 508
187 508
186 507
186 415
185 414
185 370
184 369
181 369
180 368
180 334
182 332
185 332
185 301
183 299
183 293
182 292
182 274
183 273
183 262
182 261
182 242
183 241
183 229
182 228
182 211
183 210
183 204
185 202
185 185
185 201
184 202
184 203
183 204
183 210
182 211
182 228
183 229
183 241
182 242
182 261
183 262
183 273
182 274
182 292
183 293
183 299
185 301
185 331
184 332
182 332
180 334
180 368
181 369
184 369
185 370
185 414
186 415
186 488
185 489
129 489
128 488
128 486
129 485
129 483
128 482
128 191
129 190
129 186
130 185
160 185
130 185
129 186
129 190
128 191
127 190
126 191
124 189
124 185
120 185
119 184
120 183
161 183
162 182
166 182
166 176
167 175
167 103
166 102
166 97
159 97
158 96
159 95
258 95
259 96
258 97
171 97
170 98
170 103
171 104
175 104
171 104
170 103
170 98
171 97
258 97
259 98
259 128
257 130
257 138
258 139
258 152
259 153
259 181
258 182
171 182
170 181
170 176
170 181
171 182
259 182
259 153
258 152
258 139
257 138
257 130
258 129
259 129
259 47
260 46
260 13
261 12
262 12
