412 584
411 585
408 585
408 589
409 589
410 590
414 590
415 589
417 589
418 588
418 587
416 589
415 588
415 586
416 585
419 585
420 586
420 589
422 589
422 586
423 585
426 585
427 586
427 588
426 589
425 588
424 588
425 589
427 589
427 585
415 585
414 584
398 584
397 585
395 585
398 585
399 584
400 584
401 585
401 588
400 589
398 587
397 588
395 588
398 588
399 589
401 589
402 588
401 587
401 584
389 584
388 585
387 585
386 586
387 587
387 588
389 588
390 589
391 588
388 588
387 587
387 586
388 585
389 585
390 586
389 585
390 584
391 584
393 586
393 588
393 585
392 584
380 584
380 589
381 589
382 590
383 590
383 584
259 510
259 511
260 510
261 510
252 510
252 512
254 512
254 510
254 511
253 512
252 511
272 509
271 510
271 513
272 514
277 514
278 513
280 513
281 512
282 512
283 513
285 513
286 512
287 512
288 513
290 513
290 510
289 509
245 508
245 509
243 511
242 511
242 514
246 514
247 513
247 510
248 509
247 508
253 507
252 508
250 508
250 509
251 508
252 508
253 507
254 508
255 508
257 510
257 511
256 512
256 513
255 514
251 514
250 513
250 512
249 511
249 512
251 514
256 514
256 513
257 512
257 509
258 508
263 508
264 509
264 510
262 512
264 510
265 511
265 512
263 514
260 514
259 513
258 514
263 514
264 513
265 513
265 510
264 509
264 508
258 508
257 509
256 508
254 508
126 482
125 483
125 485
126 486
126 488
127 487
128 488
128 487
129 486
129 483
128 482
127 483
562 438
561 439
555 439
554 440
551 440
550 441
549 441
550 441
551 440
554 440
555 439
561 439
562 438
566 438
567 439
567 442
568 443
569 443
571 441
573 441
575 443
577 443
578 444
578 443
579 442
580 442
583 445
584 445
586 443
585 442
585 441
585 442
586 443
584 445
581 442
578 442
577 443
576 443
575 442
574 442
573 441
571 441
570 442
569 442
568 443
567 442
567 438
592 433
597 433
565 430
566 430
568 432
568 433
569 433
570 434
573 434
574 435
577 435
578 434
579 434
578 434
577 433
578 432
579 432
576 432
575 431
573 431
572 432
573 433
572 434
570 434
566 430
554 430
556 430
557 431
558 431
560 433
560 434
559 435
557 435
556 436
555 436
554 437
552 437
551 438
550 438
549 439
548 439
549 439
550 438
552 438
553 437
555 437
556 436
557 436
558 435
560 435
560 432
559 431
558 431
557 430
216 425
215 426
212 426
210 428
210 441
211 442
211 443
213 443
214 444
245 444
246 443
247 443
248 442
248 441
249 440
249 429
248 428
248 427
247 426
243 426
242 425
582 419
582 420
581 421
581 422
579 424
578 424
579 424
580 425
581 424
582 424
581 424
580 423
581 422
581 421
582 420
584 422
584 425
589 425
590 424
591 424
593 426
593 428
594 428
595 429
594 430
593 430
592 431
590 431
590 432
589 433
589 434
590 435
590 437
591 437
592 438
593 438
594 439
595 439
596 440
594 442
593 441
592 441
591 440
589 440
588 439
584 439
588 439
589 440
591 440
592 441
593 441
594 442
596 442
595 441
596 440
598 440
597 440
596 439
595 439
594 438
593 438
592 437
591 437
590 436
591 435
597 435
590 435
589 434
589 433
591 431
593 431
594 430
596 430
595 429
596 428
594 428
593 427
593 426
592 425
593 424
590 424
589 425
585 425
584 424
584 422
582 420
579 419
574 424
570 424
566 420
565 420
564 421
564 423
565 424
564 425
563 425
562 424
561 424
559 422
556 422
556 424
558 426
560 426
561 427
560 428
555 428
560 428
561 427
560 426
559 426
556 423
557 422
559 422
561 424
562 424
563 425
566 425
564 423
564 421
565 420
569 424
575 424
580 419
522 401
531 401
244 399
244 400
242 402
235 402
234 401
233 402
221 402
221 404
242 404
244 406
244 412
244 406
242 404
242 402
243 401
244 401
245 400
246 401
246 412
246 399
245 400
524 398
523 399
522 399
524 399
525 398
530 398
531 399
531 398
553 397
553 402
552 403
552 409
553 410
553 411
553 410
552 409
552 403
553 402
553 398
554 397
555 398
555 400
556 401
555 402
555 411
555 403
557 401
599 401
601 403
601 411
601 402
600 401
601 400
601 399
602 398
603 399
603 401
604 402
604 411
604 402
603 401
603 397
602 398
601 398
600 399
589 399
590 400
589 401
567 401
566 400
567 399
556 399
555 398
555 397
292 395
291 396
290 396
290 399
291 400
296 400
292 400
290 398
290 397
292 395
296 395
297 396
297 398
298 399
299 399
300 398
301 398
302 399
303 398
304 399
305 398
303 398
302 397
301 398
300 397
299 398
298 398
297 397
299 395
307 395
309 397
309 398
308 399
307 398
307 399
309 399
309 396
308 395
582 394
583 395
585 395
583 395
262 394
262 399
263 399
264 400
265 399
265 394
272 393
273 394
274 394
275 395
273 397
275 395
276 396
276 398
274 400
271 400
270 399
271 398
271 395
270 394
269 394
268 395
267 395
268 396
268 398
269 399
270 399
271 400
275 400
277 398
280 398
281 399
283 399
283 398
284 397
284 396
283 395
283 394
280 394
279 395
276 395
275 394
273 394
580 392
580 393
579 394
579 396
580 397
586 397
587 396
589 396
590 395
591 396
594 396
595 395
596 396
597 396
598 397
598 392
588 392
587 393
587 396
586 397
581 397
579 395
580 394
580 393
581 392
585 392
559 391
558 392
558 396
559 397
562 397
563 396
573 396
573 392
572 391
570 391
569 392
568 392
567 393
565 393
564 392
564 391
501 391
500 392
498 392
497 393
497 394
498 395
498 396
499 396
500 395
500 394
499 395
498 395
497 394
499 392
500 392
501 391
502 392
503 392
504 393
504 395
503 396
502 395
502 394
502 396
504 396
504 393
505 392
508 392
509 393
509 395
508 396
507 395
506 395
507 396
508 396
509 397
509 392
502 392
493 391
492 392
491 392
490 393
490 396
491 397
496 397
495 396
495 395
494 395
493 394
495 396
494 397
492 397
490 395
490 394
493 391
496 391
469 390
469 391
468 392
471 392
472 393
471 394
470 394
470 397
471 397
472 396
473 396
474 395
474 394
475 393
475 392
476 391
477 392
477 396
478 396
479 397
482 397
483 396
484 396
484 391
483 390
481 390
480 391
478 391
477 392
475 390
595 369
594 370
586 370
586 378
588 378
589 377
591 377
592 378
598 378
592 378
591 377
590 377
589 376
587 378
586 377
586 371
587 370
593 370
594 371
593 372
589 372
589 374
591 374
592 375
594 375
595 376
598 376
595 376
594 375
592 375
591 374
590 374
589 373
590 372
593 372
594 373
597 373
597 371
225 369
224 370
219 370
219 371
218 372
217 371
217 372
216 373
216 376
217 377
217 382
219 382
219 371
220 370
225 370
226 369
227 369
605 362
605 373
590 356
589 357
589 358
588 359
588 361
589 362
588 363
588 365
589 366
589 367
596 367
596 366
597 365
597 363
596 362
596 356
214 354
214 355
213 356
213 362
219 362
220 361
224 361
223 360
223 355
224 354
601 352
602 353
602 355
601 356
601 359
602 360
602 375
601 376
601 378
602 379
602 382
601 383
600 383
599 382
600 381
598 381
599 382
598 383
613 383
603 383
602 382
602 380
603 379
605 381
613 381
605 381
604 380
604 379
605 378
605 376
604 375
603 375
602 374
602 361
603 360
604 360
605 359
605 357
604 356
604 353
602 353
216 340
215 341
215 350
216 350
217 351
222 351
224 349
223 348
224 347
223 346
223 342
222 341
222 340
112 336
111 337
110 337
110 349
113 349
114 348
115 349
120 349
120 347
118 347
116 345
117 344
119 344
116 344
115 345
114 345
115 345
116 346
117 346
118 347
119 347
120 348
119 349
115 349
114 348
113 348
112 349
111 349
110 348
110 338
112 336
113 337
113 339
112 340
112 342
113 342
114 343
116 341
119 341
121 343
121 345
121 342
120 341
120 338
118 338
117 337
113 337
217 325
216 326
216 329
217 330
217 332
217 329
216 328
216 327
217 326
218 326
219 327
219 331
219 325
218 326
116 323
119 323
120 324
120 325
118 327
117 327
114 324
113 324
113 330
112 331
113 332
113 333
114 334
120 334
121 333
121 329
120 328
120 327
119 326
120 325
120 323
217 319
217 323
217 320
218 319
219 320
219 323
219 319
128 193
128 480
126 193
126 480
131 185
183 185
119 183
120 184
120 185
123 185
121 185
120 184
121 183
125 183
126 184
126 188
125 189
125 190
126 191
128 191
129 190
129 187
128 186
128 184
126 184
125 183
171 182
184 182
160 182
159 183
130 183
159 183
160 182
166 182
167 175
167 180
169 180
170 179
170 176
168 176
592 154
593 155
593 158
592 159
593 159
593 154
590 154
590 159
593 143
593 152
590 143
590 152
592 136
593 137
593 140
592 141
593 141
593 136
590 136
590 141
578 136
578 137
577 138
577 144
576 145
506 145
504 147
504 148
507 145
576 145
578 147
583 147
584 148
583 149
576 149
574 151
574 152
575 153
575 155
574 156
574 157
575 157
574 156
575 155
575 153
574 152
577 149
583 149
585 151
585 152
583 154
579 154
578 153
578 152
578 155
577 156
577 157
578 156
579 157
580 157
581 158
586 158
587 157
586 157
584 155
584 154
585 153
585 150
584 150
583 149
584 148
584 147
585 146
585 139
584 138
584 136
580 136
579 137
155 126
154 127
154 129
153 130
154 131
154 133
153 134
154 135
154 136
155 137
160 137
161 138
160 139
156 139
155 140
151 140
151 144
152 145
152 148
151 149
151 152
154 152
155 151
156 151
157 152
159 152
160 153
161 152
162 152
162 140
161 139
161 137
162 136
162 132
161 131
161 126
480 114
479 115
479 116
479 115
480 114
488 114
489 115
487 117
486 116
486 117
485 118
484 118
483 117
483 116
482 117
481 116
481 117
480 118
479 118
481 118
482 117
483 118
486 118
487 117
488 118
491 118
490 117
490 115
489 115
488 114
473 114
471 116
471 118
472 119
473 118
474 118
475 117
474 116
474 117
473 118
472 118
471 117
472 116
472 115
473 114
477 114
461 113
460 114
461 115
461 118
464 118
464 116
463 115
463 113
462 114
477 110
477 111
484 111
485 110
484 110
483 111
478 111
358 108
365 108
278 108
287 108
326 105
325 106
323 106
323 109
324 109
325 110
332 110
332 109
333 108
333 107
332 108
332 109
331 110
330 109
330 107
332 105
334 105
335 106
335 110
336 109
337 110
337 109
338 108
339 108
340 109
340 110
341 109
342 110
342 106
341 105
332 105
331 106
330 106
329 105
278 105
278 106
279 105
284 105
285 106
287 106
286 105
170 105
170 174
167 105
167 173
310 103
311 104
312 104
313 103
314 104
314 105
311 108
311 109
310 110
309 110
308 109
308 108
309 107
308 106
308 104
302 104
302 106
301 107
302 108
302 110
307 110
308 109
309 110
316 110
312 110
311 109
313 107
313 106
315 104
317 106
316 107
317 108
318 108
317 108
316 107
317 106
317 105
316 104
314 104
313 103
312 103
311 104
488 100
488 107
487 108
477 108
487 108
488 109
488 110
487 111
490 111
490 110
491 109
491 100
491 109
489 111
488 110
450 99
450 112
451 113
451 114
450 115
451 116
451 117
452 116
454 118
457 118
457 116
456 115
456 114
453 114
452 113
451 113
450 112
451 111
452 111
452 109
453 108
462 108
463 109
463 110
462 111
458 111
457 110
457 111
463 111
463 108
453 108
452 107
452 101
453 100
452 101
452 110
451 111
450 110
354 99
354 104
355 105
354 106
354 110
353 111
352 110
352 100
352 107
351 108
352 109
352 111
353 111
354 110
354 107
355 106
359 106
360 105
364 105
365 106
366 106
365 105
359 105
358 106
356 106
354 104
289 99
289 110
290 110
291 111
292 110
292 100
292 109
291 110
290 110
289 109
160 95
160 97
166 97
167 98
167 100
166 101
167 102
167 103
169 103
170 102
170 99
172 97
256 97
256 95
393 33
406 33
407 34
408 34
410 36
411 36
413 38
414 38
415 39
414 38
413 38
411 36
410 36
408 34
407 34
406 33
284 33
282 35
281 35
279 37
278 37
276 39
275 39
273 41
272 41
271 42
270 42
269 43
268 43
266 45
265 45
264 46
263 46
263 93
262 94
272 94
272 52
276 48
277 48
279 46
280 46
282 44
283 44
285 42
286 42
289 39
290 39
292 37
394 37
396 39
397 39
399 41
400 41
402 43
403 43
406 46
407 46
409 48
410 48
415 53
415 94
429 94
428 93
428 47
427 46
426 46
425 45
424 45
422 43
421 43
420 42
422 44
423 44
424 45
425 45
426 46
427 46
428 47
428 93
427 94
416 94
415 93
415 53
414 52
414 51
411 48
410 48
408 46
407 46
404 43
403 43
401 41
400 41
398 39
397 39
395 37
292 37
291 38
290 38
289 39
288 39
285 42
284 42
282 44
281 44
279 46
278 46
276 48
275 48
272 51
272 93
271 94
264 94
263 93
263 47
265 45
266 45
267 44
268 44
269 43
270 43
272 41
273 41
275 39
276 39
278 37
279 37
281 35
282 35
284 33
306 33
353 20
352 21
351 21
351 25
352 25
353 24
354 25
356 25
354 25
353 24
353 23
353 24
352 25
351 24
351 22
353 20
357 20
358 21
358 24
359 24
360 25
360 24
361 23
362 23
363 24
365 24
366 23
367 24
370 24
370 21
369 20
359 20
358 21
357 20
340 19
340 24
343 24
343 20
342 19
321 19
321 21
322 22
321 23
322 23
323 22
324 22
324 21
326 19
327 20
327 22
324 25
321 25
324 25
325 24
326 24
327 23
327 21
329 19
330 20
330 21
331 22
330 23
330 25
333 25
334 24
335 24
335 23
336 22
336 20
335 20
334 19
333 20
332 19
329 19
328 20
327 19
326 19
325 20
324 19
276 14
415 14
265 14
274 14
429 11
429 12
428 13
427 13
426 14
417 14
426 14
427 13
428 14
428 16
427 17
426 16
424 16
423 17
419 17
418 16
417 16
418 17
425 17
426 16
428 18
428 42
427 43
425 41
424 41
422 39
421 39
419 37
418 37
416 35
415 35
413 33
412 33
410 31
409 31
408 30
282 30
280 32
279 32
277 34
276 34
274 36
273 36
271 38
270 38
268 40
267 40
264 43
263 43
262 44
261 44
260 43
260 13
261 12
263 14
263 41
263 18
265 16
266 17
273 17
274 16
273 16
272 17
268 17
267 16
265 16
264 17
263 16
263 13
262 12
260 12
260 43
261 44
260 45
260 126
259 127
259 129
258 130
257 130
259 130
259 127
260 126
260 46
263 43
264 43
265 42
266 42
268 40
269 40
271 38
272 38
274 36
275 36
277 34
278 34
280 32
281 32
283 30
407 30
408 31
409 31
411 33
412 33
414 35
415 35
417 37
418 37
420 39
421 39
423 41
424 41
426 43
427 43
428 44
429 44
431 46
431 94
445 94
447 92
450 92
451 93
456 93
457 92
484 92
485 93
491 93
492 92
494 92
495 93
501 93
502 92
528 92
529 93
534 93
535 92
541 92
542 93
546 93
547 92
573 92
574 93
579 93
580 92
583 92
584 93
585 93
586 94
616 94
619 97
619 133
622 133
623 134
623 161
622 162
619 162
619 213
621 213
622 214
620 216
622 214
624 214
625 215
625 244
624 245
620 245
619 246
619 248
618 249
618 267
619 268
619 270
621 270
622 271
621 272
620 272
619 273
619 321
621 321
622 322
620 324
622 322
624 322
625 323
625 328
626 329
626 334
625 335
625 352
624 353
621 353
620 354
619 354
619 356
618 357
618 375
619 376
619 378
621 378
622 379
621 380
620 380
619 381
619 489
617 491
615 491
614 492
611 492
610 491
607 491
606 490
606 487
608 485
609 485
610 486
610 489
615 489
616 488
616 486
615 485
616 484
616 417
611 417
610 418
609 417
608 418
607 417
602 417
601 416
555 416
554 417
519 417
516 414
512 414
511 413
508 413
506 411
471 411
469 413
466 413
465 414
461 414
460 415
460 416
459 417
357 417
459 417
462 414
465 414
466 413
470 413
472 411
505 411
507 413
511 413
512 414
516 414
517 415
517 416
516 417
515 417
514 418
463 418
462 417
463 418
514 418
515 417
516 417
517 416
518 417
554 417
555 416
601 416
602 417
606 417
608 419
608 484
606 486
605 485
452 485
451 486
451 488
450 489
355 489
354 488
354 486
353 486
352 485
198 485
197 484
197 419
199 417
241 417
244 420
249 420
250 419
260 419
261 420
261 421
262 422
262 456
263 457
357 457
358 456
358 419
328 419
327 418
326 418
325 417
325 406
327 404
348 404
348 402
336 402
335 401
334 402
327 402
325 400
325 399
324 400
323 399
323 406
322 407
322 410
323 411
323 412
322 413
323 414
322 415
321 415
320 416
319 416
318 415
289 415
288 416
283 416
282 415
245 415
244 414
243 415
242 415
241 414
199 414
198 415
194 415
193 414
190 414
189 413
189 368
191 366
193 366
195 364
196 364
197 363
197 339
196 338
195 338
193 336
192 336
191 335
190 335
189 334
189 298
190 297
191 298
192 298
193 297
195 297
196 296
197 296
198 295
199 295
199 272
196 269
196 267
195 266
197 264
198 264
199 263
199 240
198 239
197 239
195 237
190 237
189 236
189 235
190 234
195 234
197 232
198 232
199 231
199 208
198 207
197 207
196 206
194 206
193 205
190 205
188 203
189 202
189 186
190 185
257 185
258 184
261 184
262 183
263 183
264 184
613 184
264 184
262 182
263 181
263 159
264 158
264 145
263 144
263 133
262 132
262 129
263 128
263 98
264 97
273 97
274 96
275 96
276 97
292 97
293 98
348 98
349 97
350 97
351 98
352 97
354 97
355 96
356 97
410 97
411 96
415 96
416 97
427 97
428 96
429 97
445 97
446 96
450 96
451 97
452 97
453 98
454 98
455 99
486 99
487 98
488 98
489 97
492 97
493 96
494 97
496 97
497 98
499 98
500 99
530 99
531 98
533 98
534 97
535 97
536 96
537 96
538 95
539 96
540 96
542 98
544 98
545 99
575 99
576 98
578 98
579 97
580 97
581 96
585 96
586 97
615 97
616 98
616 144
617 145
617 146
616 147
616 158
617 159
617 160
616 161
616 183
615 184
616 185
616 218
615 219
615 241
616 242
616 326
615 327
615 349
616 350
616 413
615 414
612 414
611 415
608 415
607 414
605 414
604 413
553 413
552 414
520 414
519 413
519 411
520 410
520 396
517 396
517 410
516 411
511 411
509 409
470 409
469 410
468 410
467 411
461 411
460 410
460 397
459 398
458 397
458 398
457 399
454 399
453 398
447 398
446 399
447 399
448 398
452 398
453 399
457 399
458 400
457 401
436 401
435 400
436 399
444 399
435 399
435 401
456 401
458 403
458 413
457 414
327 414
458 414
459 413
459 412
458 411
458 402
457 401
458 400
458 399
459 398
460 399
460 410
461 411
461 412
462 411
468 411
470 409
508 409
510 411
515 411
516 412
517 411
519 413
519 414
553 414
554 413
603 413
604 414
607 414
608 415
611 415
612 414
614 414
615 415
616 414
616 352
618 350
622 350
621 350
620 349
620 327
621 326
622 326
618 326
618 327
619 326
620 327
620 349
619 350
618 350
617 351
615 349
615 327
616 326
616 244
618 242
622 242
621 242
620 241
620 219
621 218
622 218
618 218
618 219
619 218
620 219
620 241
619 242
618 242
617 243
615 241
615 219
616 218
616 161
617 160
617 159
616 158
616 147
617 146
617 145
616 144
616 98
615 97
586 97
584 95
583 96
580 96
579 97
578 97
577 98
576 98
575 99
545 99
544 98
543 98
541 96
539 96
538 95
537 96
535 96
534 97
533 97
532 98
531 98
530 99
500 99
499 98
497 98
496 97
494 97
493 96
492 97
489 97
488 98
487 98
486 99
455 99
453 97
452 97
451 96
448 96
447 95
445 97
429 97
428 96
427 97
416 97
415 96
411 96
410 97
356 97
355 96
354 96
353 97
352 97
351 98
350 97
349 97
348 98
293 98
292 97
290 97
289 96
292 93
352 93
353 94
411 94
412 93
412 54
411 53
411 52
409 50
408 50
406 48
405 48
403 46
402 46
399 43
398 43
396 41
395 41
394 40
292 40
291 41
290 41
287 44
286 44
284 46
283 46
281 48
280 48
278 50
277 50
275 52
275 92
274 93
275 94
289 94
290 95
288 97
276 97
275 96
274 96
273 97
263 97
263 128
262 129
262 132
263 133
263 144
264 145
264 157
263 158
263 181
262 182
262 183
261 184
258 184
257 185
189 185
189 202
188 203
189 204
189 205
190 206
190 232
189 233
189 238
190 239
190 297
189 298
189 335
188 336
188 337
187 338
186 337
185 337
184 336
182 336
181 335
181 334
183 332
185 332
185 331
186 330
186 302
183 299
184 298
185 298
186 297
186 296
187 295
187 270
186 269
185 269
183 267
184 266
186 266
187 265
187 239
186 238
186 237
184 237
183 236
185 234
186 234
187 233
187 207
186 206
187 205
186 206
185 205
184 205
183 204
186 201
185 200
186 199
186 184
188 182
259 182
259 180
260 179
260 158
259 157
259 147
258 146
258 135
257 134
257 132
257 134
258 135
258 146
259 147
259 157
260 158
260 179
259 180
259 181
258 182
188 182
187 183
186 183
186 199
185 200
185 201
184 202
184 203
183 204
184 205
183 206
183 233
184 234
184 235
183 236
184 237
183 238
183 265
184 266
183 267
184 268
184 269
183 270
183 296
183 270
184 269
185 269
187 271
187 295
183 299
183 300
186 303
186 330
184 332
183 332
182 333
181 333
181 336
180 337
180 365
181 366
181 369
182 369
183 370
184 370
186 372
186 489
187 490
187 492
186 493
186 505
187 506
187 508
187 506
186 505
186 493
188 491
189 492
189 502
190 502
191 503
191 505
190 506
189 506
189 507
191 505
197 505
198 506
199 505
332 505
333 506
334 505
341 505
344 508
345 508
346 509
346 564
347 565
347 584
348 583
349 584
349 583
351 581
454 581
456 583
456 584
458 584
458 564
459 563
459 493
461 491
465 491
466 492
603 492
604 491
610 491
611 492
614 492
615 491
618 491
619 490
619 385
620 384
624 384
625 383
625 382
626 381
625 380
625 379
626 378
626 355
625 354
625 335
626 334
626 329
625 328
625 322
622 322
621 321
620 321
619 320
619 277
620 276
624 276
625 275
625 274
626 273
625 272
625 271
626 270
626 247
625 246
625 214
622 214
621 213
620 213
619 212
619 163
620 162
623 162
623 133
620 133
619 132
619 96
618 95
617 95
616 94
587 94
586 93
585 93
584 92
580 92
579 93
574 93
573 92
547 92
546 93
542 93
541 92
535 92
534 93
529 93
528 92
502 92
501 93
495 93
494 92
492 92
491 93
485 93
484 92
457 92
456 93
451 93
450 92
447 92
446 93
445 93
444 94
432 94
431 93
431 46
430 45
430 44
431 43
431 12
430 12
