228 428
226 430
226 432
227 433
229 433
230 434
240 434
241 435
241 438
242 439
246 439
246 429
245 428
568 400
566 402
566 404
567 405
589 405
589 401
588 400
508 388
507 389
507 391
509 393
509 394
510 395
518 395
519 396
519 397
520 398
532 398
535 395
551 395
552 396
557 396
557 394
558 393
558 388
190 367
188 369
188 375
189 376
188 377
189 378
188 379
188 385
189 386
188 387
189 388
188 389
188 394
189 395
261 395
262 394
271 394
272 393
273 394
282 394
284 396
291 396
292 395
443 395
444 396
444 397
445 398
458 398
445 398
444 397
444 396
443 395
292 395
291 396
284 396
283 395
283 394
273 394
272 393
271 394
262 394
261 395
189 395
188 394
188 389
189 388
467 388
468 389
468 394
467 395
462 395
461 396
460 396
461 396
462 395
468 395
468 388
189 388
188 387
189 386
598 386
598 378
597 377
589 377
588 378
586 378
588 378
589 377
597 377
598 378
598 385
597 386
220 386
219 385
219 379
220 378
254 378
219 378
218 377
217 378
217 385
216 386
189 386
188 385
188 379
189 378
215 378
189 378
188 377
189 376
215 376
216 375
216 370
215 369
196 369
194 367
197 339
196 340
196 346
197 347
196 348
197 349
196 350
196 355
197 356
212 356
214 354
216 354
216 349
215 348
215 340
215 346
214 347
212 347
211 346
211 340
211 346
210 347
209 346
209 340
209 346
208 347
197 347
196 346
196 340
197 339
202 339
361 175
359 177
359 181
360 182
419 182
419 176
418 175
569 172
567 174
567 176
568 177
579 177
580 178
580 181
581 182
588 182
588 173
587 172
583 172
582 173
581 172
580 173
579 172
538 160
536 162
536 164
535 165
535 168
536 169
551 169
553 167
556 167
558 169
564 169
564 167
566 165
567 166
567 168
568 169
582 169
582 161
581 160
556 160
555 161
552 161
551 160
352 160
350 162
350 165
351 166
351 168
352 169
380 169
380 164
379 163
356 163
355 162
355 161
354 160
495 154
493 156
493 162
494 163
507 163
507 155
506 154
469 154
467 156
467 157
466 158
462 158
460 160
460 162
461 163
471 163
472 164
481 164
481 160
480 159
476 159
475 158
475 155
474 154
266 153
264 155
264 157
263 158
263 159
262 160
262 162
263 163
275 163
275 155
274 154
269 154
268 153
430 150
429 151
382 151
380 153
380 156
381 157
433 157
433 151
432 150
274 145
272 147
272 150
273 151
339 151
340 150
343 150
343 146
342 145
524 144
523 145
506 145
504 147
504 150
505 151
560 151
561 150
563 150
564 151
575 151
576 150
576 146
575 145
527 145
526 144
444 135
442 137
442 144
443 145
466 145
466 144
467 143
468 144
468 145
481 145
481 139
480 138
452 138
451 137
451 136
450 135
593 126
591 128
591 131
592 132
616 132
616 127
615 126
530 111
528 113
528 115
530 117
530 119
531 120
550 120
550 119
551 118
552 118
553 119
555 119
556 120
564 120
564 118
566 116
572 116
573 117
573 118
574 119
575 119
576 120
616 120
616 112
615 111
612 111
609 114
608 114
607 115
606 114
605 115
604 114
597 114
596 113
596 112
595 111
592 111
591 112
592 111
595 111
596 112
596 113
597 114
604 114
605 115
605 119
604 120
585 120
584 119
584 117
583 116
582 117
582 119
581 120
576 120
575 119
574 119
573 118
573 117
572 116
566 116
564 118
564 119
563 120
556 120
555 119
553 119
552 118
551 118
549 120
544 120
543 119
543 118
542 117
541 118
541 119
540 120
531 120
530 119
530 117
528 115
528 113
530 111
534 111
535 112
535 114
537 114
537 112
538 111
578 111
579 112
579 113
579 112
580 111
581 112
581 113
581 112
582 111
587 111
588 112
588 113
589 114
590 114
589 114
588 113
588 112
587 111
582 111
581 112
580 111
579 112
578 111
538 111
537 112
536 111
535 112
534 111
298 111
295 114
291 114
290 115
289 115
289 116
288 117
288 119
289 120
304 120
304 114
303 113
303 112
302 111
307 109
305 111
307 109
316 109
318 111
323 111
325 109
337 109
339 111
351 111
352 110
354 110
355 111
355 113
356 114
362 114
362 113
364 111
367 111
368 112
368 113
369 114
395 114
395 113
397 111
400 111
401 112
401 114
402 115
406 115
407 116
407 119
406 120
386 120
385 119
381 119
380 120
342 120
341 119
341 117
340 116
334 116
330 120
323 120
321 118
318 118
316 120
307 120
306 119
306 115
306 120
316 120
318 118
321 118
323 120
330 120
334 116
340 116
341 117
341 119
342 120
380 120
381 119
385 119
386 120
440 120
440 115
439 114
435 114
434 113
428 113
427 114
417 114
416 115
410 115
409 116
408 115
407 116
406 115
402 115
401 114
401 112
400 111
397 111
394 114
369 114
368 113
368 112
367 111
364 111
361 114
356 114
355 113
355 111
354 110
352 110
351 111
339 111
337 109
325 109
323 111
318 111
316 109
325 98
323 100
323 104
324 105
343 105
343 99
342 98
333 98
332 99
331 98
330 99
329 98
436 97
435 98
435 100
434 101
430 101
429 102
427 102
426 101
420 101
419 102
419 107
418 108
417 107
417 103
416 102
412 102
411 101
388 101
387 102
382 102
380 104
380 107
381 108
435 108
435 106
437 104
441 104
442 103
444 103
444 97
444 102
443 103
442 103
441 104
437 104
435 106
435 107
434 108
420 108
419 107
419 102
420 101
426 101
427 102
429 102
430 101
435 101
435 98
300 86
298 88
295 88
293 90
293 92
294 93
344 93
344 89
343 88
332 88
331 89
330 88
329 89
328 88
324 88
323 87
319 87
318 88
309 88
308 89
307 88
306 89
304 87
303 87
302 86
